Mass mN   | Nprompt   | NFake    | NCF      |  Total Bkg  | Nsignal   || EXO-17-028 Eff  | EXO-17-028 Bkg 
------------------------------------------------------------------------------------------------------------
100       | 8.6409    | 5.8442   | 0.0      | 14.4851     | 0.0246    || 0.026           | 20.3
125       | 4.2877    | 4.9204   | 0.0      | 9.2081      | 0.038     || 0.051           | 17.7
200       | 4.1643    | 3.7183   | 0.0      | 7.8826      | 0.073     || 0.081           | 12.4
250       | 3.7004    | 2.4159   | 0.0      | 6.1163      | 0.0701    || 0.11            | 6.0
300       | 2.1334    | 0.6264   | 0.0      | 2.7598      | 0.0811    || 0.132           | 8.2
400       | 1.1675    | 0.1935   | 0.0      | 1.361       | 0.0622    || 0.117           | 2.5
500       | 0.6931    | 0.1045   | 0.0      | 0.7976      | 0.0346    || 0.086           | 1.5
600       | 0.6753    | 0.0735   | 0.0      | 0.7488      | 0.0311    || 0.074           | 0.9
700       | 0.5321    | 0.0      | 0.0      | 0.5321      | 0.0235    || 0.067           | 1.7
800       | 0.5321    | 0.0      | 0.0      | 0.5321      | 0.0249    || 0.06            | 1.7
900       | 0.5321    | 0.0      | 0.0      | 0.5321      | 0.0216    || 0.054           | 1.7
1000      | 0.5321    | 0.0      | 0.0      | 0.5321      | 0.0198    || 0.046           | 1.7
1100      | 0.559     | 0.04     | 0.0      | 0.599       | 0.0217    || 0.041           | 1.7
1200      | 0.5321    | 0.0      | 0.0      | 0.5321      | 0.0169    || 0.036           | 1.7
1300      | 0.5321    | 0.0      | 0.0      | 0.5321      | 0.0138    || 0.032           | 1.7
1400      | 0.5321    | 0.0      | 0.0      | 0.5321      | 0.0139    || 0.027           | 1.7
1500      | 0.559     | 0.04     | 0.0      | 0.599       | 0.0141    || 0.025           | 1.7
