Mass mN   | Nprompt   | NFake    | NCF      |  Total Bkg  | Nsignal   || EXO-17-028 Eff  | EXO-17-028 Bkg 
------------------------------------------------------------------------------------------------------------
100       | 23.9829   | 2.2667   | 17.1725  | 26.2496     | 0.0004    || 5e-05           | 1.0
125       | 19.0756   | 1.2455   | 14.9253  | 20.3211     | 0.0018    || 0.0004          | 0.8
200       | 19.8628   | 0.9949   | 13.0309  | 20.8577     | 0.0074    || 0.006           | 1.3
250       | 21.9792   | 1.1448   | 24.0403  | 23.124      | 0.0158    || 0.022           | 0.3
300       | 22.8725   | 0.9802   | 23.4252  | 23.8527     | 0.0142    || 0.035           | 0.4
400       | 19.1087   | 0.9036   | 14.1831  | 20.0123     | 0.0457    || 0.091           | 0.5
500       | 14.4558   | 0.5741   | 7.2404   | 15.0299     | 0.0355    || 0.143           | 0.8
600       | 11.1856   | 0.5523   | 12.2638  | 11.7379     | 0.089     || 0.174           | 0.7
700       | 8.0692    | 0.4685   | 9.1466   | 8.5377      | 0.1039    || 0.194           | 0.8
800       | 3.3515    | 0.512    | 8.9152   | 3.8635      | 0.1087    || 0.208           | 0.4
900       | 3.1723    | 0.3046   | 5.85     | 3.4769      | 0.1042    || 0.192           | 0.2
1000      | 3.0689    | 0.2269   | 3.0347   | 3.2958      | 0.1194    || 0.215           | 0.1
1100      | 1.3613    | 0.2269   | 0.0      | 1.5882      | 0.1102    || 0.203           | 0.1
1200      | 1.2614    | 0.1382   | 0.0      | 1.3996      | 0.1166    || 0.208           | 0.2
1300      | 2.1636    | 0.1382   | 0.0      | 2.3018      | 0.1215    || 0.205           | 0.3
1400      | 1.7593    | 0.1382   | 0.0      | 1.8975      | 0.1217    || 0.196           | 0.1
1500      | 1.7021    | 0.1382   | 0.0      | 1.8403      | 0.1269    || 0.195           | 0.1
