Mass mN   | Nprompt   | NFake    | NCF      |  Total Bkg  | Nsignal   || EXO-17-028 Eff  | EXO-17-028 Bkg 
------------------------------------------------------------------------------------------------------------
100       | 19.9288   | 0.3428   | 121.5187 | 20.2716     | 0.0032    || 0.011           | 18.6
125       | 25.441    | 20.8644  | 126.3083 | 46.3054     | 0.0102    || 0.026           | 11.7
200       | 27.1933   | 0.8812   | 127.725  | 28.0745     | 0.0308    || 0.049           | 4.6
250       | 14.8429   | 0.3502   | 47.5013  | 15.1931     | 0.0301    || 0.059           | 3.0
300       | 10.3267   | 0.2656   | 66.9965  | 10.5923     | 0.0272    || 0.076           | 2.6
400       | 7.8062    | 0.2656   | 31.9823  | 8.0718      | 0.0296    || 0.066           | 0.9
500       | 3.6952    | 0.0805   | 14.0663  | 3.7757      | 0.0157    || 0.055           | 0.4
600       | 4.7237    | 0.0805   | 7.5406   | 4.8042      | 0.015     || 0.038           | 0.3
700       | 4.7246    | 0.0805   | 7.5406   | 4.8051      | 0.0161    || 0.04            | 0.2
800       | 4.7309    | 0.0805   | 7.5406   | 4.8114      | 0.0147    || 0.036           | 0.2
900       | 4.7309    | 0.0805   | 7.5406   | 4.8114      | 0.0135    || 0.032           | 0.2
1000      | 4.7309    | 0.0805   | 7.5406   | 4.8114      | 0.0117    || 0.026           | 0.2
1100      | 4.7309    | 0.0805   | 7.5406   | 4.8114      | 0.011     || 0.022           | 0.2
1200      | 14.1927   | 0.2416   | 22.6219  | 14.4343     | 0.029     || 0.02            | 0.2
1300      | 0.0       | 0.0      | 0.0      | 0.0         | 0.0       || 0.018           | 0.2
1400      | 0.0       | 0.0      | 0.0      | 0.0         | 0.0       || 0.015           | 0.2
1500      | 4.7309    | 0.0805   | 7.5406   | 4.8114      | 0.0067    || 0.013           | 0.2
