Mass mN   | Nprompt   | NFake    | NCF      |  Total Bkg  | Nsignal   || EXO-17-028 Eff  | EXO-17-028 Bkg 
------------------------------------------------------------------------------------------------------------
100       | 4.5894    | 3.5139   | 0.0      | 8.1033      | 0.0011    || 6e-05           | 3.4
125       | 4.3582    | 2.9516   | 0.0      | 7.3098      | 0.005     || 0.0008          | 0.2
200       | 4.5035    | 2.3173   | 0.0      | 6.8208      | 0.0198    || 0.014           | 0.8
250       | 3.6961    | 1.0723   | 0.0      | 4.7684      | 0.0283    || 0.03            | 2.1
300       | 4.1179    | 1.0458   | 0.0      | 5.1637      | 0.0432    || 0.054           | 1.3
400       | 2.9726    | 0.3029   | 0.0      | 3.2755      | 0.0812    || 0.133           | 3.1
500       | 2.9191    | 0.2364   | 0.0      | 3.1555      | 0.0676    || 0.224           | 2.8
600       | 2.1       | 0.5139   | 0.0      | 2.6139      | 0.1919    || 0.302           | 0.8
700       | 1.8717    | 0.4385   | 0.0      | 2.3102      | 0.2216    || 0.346           | 0.8
800       | 1.3825    | 0.1081   | 0.0      | 1.4906      | 0.2226    || 0.348           | 0.9
900       | 0.4142    | 0.0802   | 0.0      | 0.4944      | 0.232     || 0.358           | 0.2
1000      | 0.3401    | 0.0297   | 0.0      | 0.3698      | 0.2449    || 0.384           | 0.3
1100      | 0.2413    | 0.0297   | 0.0      | 0.271       | 0.2563    || 0.367           | 0.1
1200      | 0.2118    | 0.0      | 0.0      | 0.2118      | 0.2597    || 0.385           | 0.1
1300      | 0.1588    | 0.0      | 0.0      | 0.1588      | 0.2642    || 0.385           | 0.1
1400      | 0.0582    | 0.0      | 0.0      | 0.0582      | 0.2461    || 0.359           | 0.1
1500      | 0.0531    | 0.0      | 0.0      | 0.0531      | 0.2667    || 0.364           | 0.1
