Mass mN   | Nprompt   | NFake    | NCF      |  Total Bkg  | Nsignal   || EXO-17-028 Eff  | EXO-17-028 Bkg 
------------------------------------------------------------------------------------------------------------
100       | 3.9929    | 0.5164   | 0.0      | 4.5093      | 0.0007    || 6e-05           | 3.4
125       | 3.878     | 0.3252   | 0.0      | 4.2032      | 0.0039    || 0.0008          | 0.2
200       | 4.0259    | 0.2296   | 0.0      | 4.2555      | 0.0164    || 0.014           | 0.8
250       | 3.3849    | 0.0347   | 0.0      | 3.4196      | 0.0236    || 0.03            | 2.1
300       | 3.7816    | 0.0347   | 0.0      | 3.8163      | 0.0366    || 0.054           | 1.3
400       | 2.8782    | 0.0      | 0.0      | 2.8782      | 0.0704    || 0.133           | 3.1
500       | 2.8212    | 0.0      | 0.0      | 2.8212      | 0.0588    || 0.224           | 2.8
600       | 1.8822    | 0.0      | 0.0      | 1.8822      | 0.1628    || 0.302           | 0.8
700       | 1.6876    | 0.0      | 0.0      | 1.6876      | 0.1886    || 0.346           | 0.8
800       | 1.2916    | 0.0      | 0.0      | 1.2916      | 0.191     || 0.348           | 0.9
900       | 0.3662    | 0.0      | 0.0      | 0.3662      | 0.2005    || 0.358           | 0.2
1000      | 0.2951    | 0.0      | 0.0      | 0.2951      | 0.2083    || 0.384           | 0.3
1100      | 0.2142    | 0.0      | 0.0      | 0.2142      | 0.2171    || 0.367           | 0.1
1200      | 0.1908    | 0.0      | 0.0      | 0.1908      | 0.2209    || 0.385           | 0.1
1300      | 0.1465    | 0.0      | 0.0      | 0.1465      | 0.2238    || 0.385           | 0.1
1400      | 0.0582    | 0.0      | 0.0      | 0.0582      | 0.2121    || 0.359           | 0.1
1500      | 0.0531    | 0.0      | 0.0      | 0.0531      | 0.2291    || 0.364           | 0.1
