Mass mN   | Nprompt   | NFake    | NCF      |  Total Bkg  | Nsignal   || EXO-17-028 Eff  | EXO-17-028 Bkg 
------------------------------------------------------------------------------------------------------------
100       | 2.9026    | 0.976    | 0.0      | 3.8786      | 0.0007    || 6e-05           | 3.4
125       | 1.6901    | 0.976    | 0.0      | 2.6661      | 0.0039    || 0.0008          | 0.2
200       | 2.1787    | 0.9148   | 0.0      | 3.0935      | 0.0164    || 0.014           | 0.8
250       | 1.4021    | 0.6465   | 0.0      | 2.0486      | 0.0236    || 0.03            | 2.1
300       | 1.5372    | 0.6465   | 0.0      | 2.1837      | 0.0366    || 0.054           | 1.3
400       | 0.9353    | 0.0      | 0.0      | 0.9353      | 0.0704    || 0.133           | 3.1
500       | 0.8681    | 0.0      | 0.0      | 0.8681      | 0.0588    || 0.224           | 2.8
600       | 0.8649    | 0.3397   | 0.0      | 1.2046      | 0.1628    || 0.302           | 0.8
700       | 0.7063    | 0.0      | 0.0      | 0.7063      | 0.1886    || 0.346           | 0.8
800       | 0.4784    | 0.0      | 0.0      | 0.4784      | 0.191     || 0.348           | 0.9
900       | 0.3318    | 0.0      | 0.0      | 0.3318      | 0.2005    || 0.358           | 0.2
1000      | 0.2796    | 0.0      | 0.0      | 0.2796      | 0.2083    || 0.384           | 0.3
1100      | 0.1805    | 0.0      | 0.0      | 0.1805      | 0.2171    || 0.367           | 0.1
1200      | 0.1623    | 0.0      | 0.0      | 0.1623      | 0.2209    || 0.385           | 0.1
1300      | 0.1286    | 0.0      | 0.0      | 0.1286      | 0.2238    || 0.385           | 0.1
1400      | 0.0723    | 0.0      | 0.0      | 0.0723      | 0.2121    || 0.359           | 0.1
1500      | 0.062     | 0.0      | 0.0      | 0.062       | 0.2291    || 0.364           | 0.1
