Mass mN   | Nprompt   | NFake    | NCF      |  Total Bkg  | Nsignal 
---------------------------------------------------------------------
100       | 5.4967    | 10.7577  | 0.0      | 16.2544  | 0.0029
125       | 3.8187    | 10.2406  | 0.0      | 14.0593  | 0.0055
200       | 4.1606    | 10.2513  | 0.0      | 14.4119  | 0.0036
250       | 2.7901    | 3.1919   | 0.0      | 5.982    | 0.2643
300       | 3.3823    | 3.2342   | 0.0      | 6.6165   | 0.2225
400       | 2.0251    | 0.2947   | 0.0      | 2.3198   | 0.1676
500       | 1.031     | 0.3967   | 0.0      | 1.4277   | 0.1396
600       | 1.6498    | 1.2087   | 0.0      | 2.8585   | 0.1274
700       | 1.3704    | 0.461    | 0.0      | 1.8314   | 0.8294
800       | 1.1044    | 0.1541   | 0.0      | 1.2585   | 0.5524
900       | 0.4772    | 0.1541   | 0.0      | 0.6313   | 0.418
1000      | 0.4059    | 0.0      | 0.0      | 0.4059   | 0.3145
1100      | 0.2769    | 0.0      | 0.0      | 0.2769   | 2.5251
1200      | 0.2465    | 0.0      | 0.0      | 0.2465   | 1.7876
1300      | 0.1941    | 0.0      | 0.0      | 0.1941   | 1.3727
1400      | 0.1263    | 0.0      | 0.0      | 0.1263   | 1.0857
1500      | 0.0777    | 0.0      | 0.0      | 0.0777   | 0.9217
600       | 1.6498    | 1.2087   | 0.0      | 2.8585   | 0.1274
700       | 1.3704    | 0.461    | 0.0      | 1.8314   | 0.8294
800       | 1.1044    | 0.1541   | 0.0      | 1.2585   | 0.5524
900       | 0.4772    | 0.1541   | 0.0      | 0.6313   | 0.418
1000      | 0.4059    | 0.0      | 0.0      | 0.4059   | 0.3145
1100      | 0.2769    | 0.0      | 0.0      | 0.2769   | 2.5251
1200      | 0.2465    | 0.0      | 0.0      | 0.2465   | 1.7876
1500      | 0.0777    | 0.0      | 0.0      | 0.0777   | 0.9217
