Mass mN   | Nprompt   | NFake    | NCF      |  Total Bkg  | Nsignal 
---------------------------------------------------------------------
100       | 2.9026    | 0.976    | 0.0      | 3.8786   | 0.0018
125       | 1.6901    | 0.976    | 0.0      | 2.6661   | 0.0043
200       | 2.1787    | 0.9148   | 0.0      | 3.0935   | 0.003
250       | 1.4021    | 0.6465   | 0.0      | 2.0486   | 0.22
300       | 1.5372    | 0.6465   | 0.0      | 2.1837   | 0.1884
400       | 0.9353    | 0.0      | 0.0      | 0.9353   | 0.1452
500       | 0.8681    | 0.0      | 0.0      | 0.8681   | 0.1213
600       | 0.8649    | 0.3397   | 0.0      | 1.2046   | 0.1081
700       | 0.7063    | 0.0      | 0.0      | 0.7063   | 0.7061
800       | 0.4784    | 0.0      | 0.0      | 0.4784   | 0.4742
900       | 0.3318    | 0.0      | 0.0      | 0.3318   | 0.3612
1000      | 0.2796    | 0.0      | 0.0      | 0.2796   | 0.2676
1100      | 0.1805    | 0.0      | 0.0      | 0.1805   | 2.1392
1200      | 0.1623    | 0.0      | 0.0      | 0.1623   | 1.5208
1300      | 0.1286    | 0.0      | 0.0      | 0.1286   | 1.1627
1400      | 0.0723    | 0.0      | 0.0      | 0.0723   | 0.9354
1500      | 0.062     | 0.0      | 0.0      | 0.062    | 0.7916
600       | 0.8649    | 0.3397   | 0.0      | 1.2046   | 0.1081
700       | 0.7063    | 0.0      | 0.0      | 0.7063   | 0.7061
800       | 0.4784    | 0.0      | 0.0      | 0.4784   | 0.4742
900       | 0.3318    | 0.0      | 0.0      | 0.3318   | 0.3612
1000      | 0.2796    | 0.0      | 0.0      | 0.2796   | 0.2676
1100      | 0.1805    | 0.0      | 0.0      | 0.1805   | 2.1392
1200      | 0.1623    | 0.0      | 0.0      | 0.1623   | 1.5208
1500      | 0.062     | 0.0      | 0.0      | 0.062    | 0.7916
