Mass mN   | Nprompt   | NFake    | NCF      |  Total Bkg  | Nsignal   || EXO-17-028 Eff  | EXO-17-028 Bkg 
------------------------------------------------------------------------------------------------------------
100       | 5.4967    | 10.7577  | 0.0      | 16.2544     | 0.0011    || 6e-05           | 3.4
125       | 3.8187    | 10.2406  | 0.0      | 14.0593     | 0.005     || 0.0008          | 0.2
200       | 4.1606    | 10.2513  | 0.0      | 14.4119     | 0.0198    || 0.014           | 0.8
250       | 2.7901    | 3.1919   | 0.0      | 5.982       | 0.0283    || 0.03            | 2.1
300       | 3.3823    | 3.2342   | 0.0      | 6.6165      | 0.0432    || 0.054           | 1.3
400       | 2.0251    | 0.2947   | 0.0      | 2.3198      | 0.0812    || 0.133           | 3.1
500       | 1.031     | 0.3967   | 0.0      | 1.4277      | 0.0676    || 0.224           | 2.8
600       | 1.6498    | 1.2087   | 0.0      | 2.8585      | 0.1919    || 0.302           | 0.8
700       | 1.3704    | 0.461    | 0.0      | 1.8314      | 0.2216    || 0.346           | 0.8
800       | 1.1044    | 0.1541   | 0.0      | 1.2585      | 0.2226    || 0.348           | 0.9
900       | 0.4772    | 0.1541   | 0.0      | 0.6313      | 0.232     || 0.358           | 0.2
1000      | 0.4059    | 0.0      | 0.0      | 0.4059      | 0.2449    || 0.384           | 0.3
1100      | 0.2769    | 0.0      | 0.0      | 0.2769      | 0.2563    || 0.367           | 0.1
1200      | 0.2465    | 0.0      | 0.0      | 0.2465      | 0.2597    || 0.385           | 0.1
1300      | 0.1941    | 0.0      | 0.0      | 0.1941      | 0.2642    || 0.385           | 0.1
1400      | 0.1263    | 0.0      | 0.0      | 0.1263      | 0.2461    || 0.359           | 0.1
1500      | 0.0777    | 0.0      | 0.0      | 0.0777      | 0.2667    || 0.364           | 0.1
