100	0.8046	0.8046	0.8046	0.8046	0.8046	0.8046
125	1.3307	1.3307	1.3307	1.3307	1.3307	1.3307
200	4.8675	4.8675	4.8675	4.8675	4.8675	4.8675
250	5.5844	5.5844	5.5844	5.5844	5.5844	5.5844
300	0.8469	0.8469	0.8469	0.8469	0.8469	0.8469
400	1.2842	1.2842	1.2842	1.2842	1.2842	1.2842
500	2.1765	2.1765	2.1765	2.1765	2.1765	2.1765
600	2.5093	2.5093	2.5093	2.5093	2.5093	2.5093
700	0.4069	0.4069	0.4069	0.4069	0.4069	0.4069
800	0.5594	0.5594	0.5594	0.5594	0.5594	0.5594
900	0.7754	0.7754	0.7754	0.7754	0.7754	0.7754
1000	1.0025	1.0025	1.0025	1.0025	1.0025	1.0025
1100	0.1360	0.1360	0.1360	0.1360	0.1360	0.1360
1200	0.2344	0.2344	0.2344	0.2344	0.2344	0.2344
1500	0.3333	0.3333	0.3333	0.3333	0.3333	0.3333
1700	0.6079	0.6079	0.6079	0.6079	0.6079	0.6079
2000	0.9937	0.9937	0.9937	0.9937	0.9937	0.9937
