100	1.6149	1.6149	1.6149	1.6149	1.6149	1.6149
125	2.7453	2.7453	2.7453	2.7453	2.7453	2.7453
200	7.7282	7.7282	7.7282	7.7282	7.7282	7.7282
250	0.9653	0.9653	0.9653	0.9653	0.9653	0.9653
300	1.6821	1.6821	1.6821	1.6821	1.6821	1.6821
400	2.3793	2.3793	2.3793	2.3793	2.3793	2.3793
500	3.1307	3.1307	3.1307	3.1307	3.1307	3.1307
600	4.0016	4.0016	4.0016	4.0016	4.0016	4.0016
700	0.5500	0.5500	0.5500	0.5500	0.5500	0.5500
800	0.6043	0.6043	0.6043	0.6043	0.6043	0.6043
900	0.7806	0.7806	0.7806	0.7806	0.7806	0.7806
1000	1.0362	1.0362	1.0362	1.0362	1.0362	1.0362
1100	0.1021	0.1021	0.1021	0.1021	0.1021	0.1021
1200	0.1436	0.1436	0.1436	0.1436	0.1436	0.1436
1500	0.3019	0.3019	0.3019	0.3019	0.3019	0.3019
1700	0.4835	0.4835	0.4835	0.4835	0.4835	0.4835
2000	0.8942	0.8942	0.8942	0.8942	0.8942	0.8942
