Mass mN   | Nprompt   | NFake    | NCF      |  Total Bkg  | Nsignal 
---------------------------------------------------------------------
100       | 5.6968    | 3.3507   | 0.0      | 9.0475   | 0.0025
125       | 5.3129    | 2.7185   | 0.0      | 8.0314   | 0.0048
200       | 7.0011    | 1.6161   | 0.0      | 8.6172   | 0.0032
250       | 4.5138    | 0.8508   | 0.0      | 5.3646   | 0.232
300       | 4.9279    | 0.9241   | 0.0      | 5.852    | 0.1954
400       | 2.8281    | 0.3151   | 0.0      | 3.1432   | 0.1472
500       | 2.5863    | 0.3151   | 0.0      | 2.9014   | 0.1225
600       | 2.9859    | 0.7967   | 0.0      | 3.7826   | 0.1118
700       | 2.1778    | 0.4864   | 0.0      | 2.6642   | 0.7282
800       | 1.5128    | 0.2574   | 0.0      | 1.7702   | 0.485
900       | 0.8689    | 0.1932   | 0.0      | 1.0621   | 0.3669
1000      | 0.7245    | 0.1932   | 0.0      | 0.9177   | 0.2762
1100      | 0.5239    | 0.1035   | 0.0      | 0.6274   | 2.2169
1200      | 0.4088    | 0.0829   | 0.0      | 0.4917   | 1.5694
1300      | 0.3736    | 0.0829   | 0.0      | 0.4565   | 1.2051
1400      | 0.2316    | 0.0      | 0.0      | 0.2316   | 0.9532
1500      | 0.194     | 0.0      | 0.0      | 0.194    | 0.8092
600       | 2.9859    | 0.7967   | 0.0      | 3.7826   | 0.1118
700       | 2.1778    | 0.4864   | 0.0      | 2.6642   | 0.7282
800       | 1.5128    | 0.2574   | 0.0      | 1.7702   | 0.485
900       | 0.8689    | 0.1932   | 0.0      | 1.0621   | 0.3669
1000      | 0.7245    | 0.1932   | 0.0      | 0.9177   | 0.2762
1100      | 0.5239    | 0.1035   | 0.0      | 0.6274   | 2.2169
1200      | 0.4088    | 0.0829   | 0.0      | 0.4917   | 1.5694
1500      | 0.194     | 0.0      | 0.0      | 0.194    | 0.8092
