Mass mN   | Nprompt   | NFake    | NCF      |  Total Bkg  | Nsignal   || EXO-17-028 Eff  | EXO-17-028 Bkg 
------------------------------------------------------------------------------------------------------------
100       | 5.6968    | 3.3507   | 0.0      | 9.0475      | 0.0011    || 6e-05           | 3.4
125       | 5.3129    | 2.7185   | 0.0      | 8.0314      | 0.005     || 0.0008          | 0.2
200       | 7.0011    | 1.6161   | 0.0      | 8.6172      | 0.0198    || 0.014           | 0.8
250       | 4.5138    | 0.8508   | 0.0      | 5.3646      | 0.0283    || 0.03            | 2.1
300       | 4.9279    | 0.9241   | 0.0      | 5.852       | 0.0432    || 0.054           | 1.3
400       | 2.8281    | 0.3151   | 0.0      | 3.1432      | 0.0812    || 0.133           | 3.1
500       | 2.5863    | 0.3151   | 0.0      | 2.9014      | 0.0676    || 0.224           | 2.8
600       | 2.9859    | 0.7967   | 0.0      | 3.7826      | 0.1919    || 0.302           | 0.8
700       | 2.1778    | 0.4864   | 0.0      | 2.6642      | 0.2216    || 0.346           | 0.8
800       | 1.5128    | 0.2574   | 0.0      | 1.7702      | 0.2226    || 0.348           | 0.9
900       | 0.8689    | 0.1932   | 0.0      | 1.0621      | 0.232     || 0.358           | 0.2
1000      | 0.7245    | 0.1932   | 0.0      | 0.9177      | 0.2449    || 0.384           | 0.3
1100      | 0.5239    | 0.1035   | 0.0      | 0.6274      | 0.2563    || 0.367           | 0.1
1200      | 0.4088    | 0.0829   | 0.0      | 0.4917      | 0.2597    || 0.385           | 0.1
1300      | 0.3736    | 0.0829   | 0.0      | 0.4565      | 0.2642    || 0.385           | 0.1
1400      | 0.2316    | 0.0      | 0.0      | 0.2316      | 0.2461    || 0.359           | 0.1
1500      | 0.194     | 0.0      | 0.0      | 0.194       | 0.2667    || 0.364           | 0.1
