Mass mN   | Nprompt   | NFake    | NCF      |  Total Bkg  | Nsignal   || EXO-17-028 Eff  | EXO-17-028 Bkg 
------------------------------------------------------------------------------------------------------------
100       | 3.5747    | 0.6865   | 0.0      | 4.2612      | 0.0007    || 6e-05           | 3.4
125       | 3.4271    | 0.5143   | 0.0      | 3.9414      | 0.0039    || 0.0008          | 0.2
200       | 4.9898    | 0.3595   | 0.0      | 5.3493      | 0.0164    || 0.014           | 0.8
250       | 2.9789    | 0.087    | 0.0      | 3.0659      | 0.0236    || 0.03            | 2.1
300       | 3.3633    | 0.1764   | 0.0      | 3.5397      | 0.0366    || 0.054           | 1.3
400       | 1.9684    | 0.0      | 0.0      | 1.9684      | 0.0704    || 0.133           | 3.1
500       | 1.8192    | 0.0      | 0.0      | 1.8192      | 0.0588    || 0.224           | 2.8
600       | 2.07      | 0.0      | 0.0      | 2.07        | 0.1628    || 0.302           | 0.8
700       | 1.5208    | 0.0      | 0.0      | 1.5208      | 0.1886    || 0.346           | 0.8
800       | 1.0621    | 0.0      | 0.0      | 1.0621      | 0.191     || 0.348           | 0.9
900       | 0.6585    | 0.0      | 0.0      | 0.6585      | 0.2005    || 0.358           | 0.2
1000      | 0.5394    | 0.0      | 0.0      | 0.5394      | 0.2083    || 0.384           | 0.3
1100      | 0.3822    | 0.0      | 0.0      | 0.3822      | 0.2171    || 0.367           | 0.1
1200      | 0.3508    | 0.0      | 0.0      | 0.3508      | 0.2209    || 0.385           | 0.1
1300      | 0.3163    | 0.0      | 0.0      | 0.3163      | 0.2238    || 0.385           | 0.1
1400      | 0.1966    | 0.0      | 0.0      | 0.1966      | 0.2121    || 0.359           | 0.1
1500      | 0.1696    | 0.0      | 0.0      | 0.1696      | 0.2291    || 0.364           | 0.1
