Mass mN   | Nprompt   | NFake    | NCF      |  Total Bkg  | Nsignal 
---------------------------------------------------------------------
100       | 3.5747    | 0.6865   | 0.0      | 4.2612   | 0.0016
125       | 3.4271    | 0.5143   | 0.0      | 3.9414   | 0.0038
200       | 4.9898    | 0.3595   | 0.0      | 5.3493   | 0.0026
250       | 2.9789    | 0.087    | 0.0      | 3.0659   | 0.1932
300       | 3.3633    | 0.1764   | 0.0      | 3.5397   | 0.1654
400       | 1.9684    | 0.0      | 0.0      | 1.9684   | 0.1275
500       | 1.8192    | 0.0      | 0.0      | 1.8192   | 0.1065
600       | 2.07      | 0.0      | 0.0      | 2.07     | 0.0949
700       | 1.5208    | 0.0      | 0.0      | 1.5208   | 0.6199
800       | 1.0621    | 0.0      | 0.0      | 1.0621   | 0.4163
900       | 0.6585    | 0.0      | 0.0      | 0.6585   | 0.3171
1000      | 0.5394    | 0.0      | 0.0      | 0.5394   | 0.2349
1100      | 0.3822    | 0.0      | 0.0      | 0.3822   | 1.8781
1200      | 0.3508    | 0.0      | 0.0      | 0.3508   | 1.3352
1300      | 0.3163    | 0.0      | 0.0      | 0.3163   | 1.0208
1400      | 0.1966    | 0.0      | 0.0      | 0.1966   | 0.8213
1500      | 0.1696    | 0.0      | 0.0      | 0.1696   | 0.695
600       | 2.07      | 0.0      | 0.0      | 2.07     | 0.0949
700       | 1.5208    | 0.0      | 0.0      | 1.5208   | 0.6199
800       | 1.0621    | 0.0      | 0.0      | 1.0621   | 0.4163
900       | 0.6585    | 0.0      | 0.0      | 0.6585   | 0.3171
1000      | 0.5394    | 0.0      | 0.0      | 0.5394   | 0.2349
1100      | 0.3822    | 0.0      | 0.0      | 0.3822   | 1.8781
1200      | 0.3508    | 0.0      | 0.0      | 0.3508   | 1.3352
1500      | 0.1696    | 0.0      | 0.0      | 0.1696   | 0.695
