### Make sure no spaces in lists 2016,2017,2018 not 2016,2017, 2018
Analyzer = HNtypeI_Dilepton
flavours = MuMu
skim     = SkimTree_SSHN
years    = 2016
IDMu     = POGTightPFIsoVeryTight
IDEl     = HNTightV3
regions  = SR1_Highmass,SR2_Highmass
bkgs     = prompt,fake
#hists    = lep1_eta,lep1_pt,lep2_pt
#hists    = njets,lep2_pt
hists    = DeltaRJ_MET,DeltaRLL,DeltaRl1_MET,DeltaRl2_MET,jet1_lep1_dr,jet1_lep2_dr,jet1_pt,jet_eta,jet_lep1_dr,jet_lep1_mindr,jet_lep2_dr,jet_lep2_mindr,jet_pt,lep1_eta,lep1_pt,lep2_eta,lep2_pt,lep_sumpt,ll_mass,maxlep_eta,met2_st,met,met_uncorr,nPV,nbjets,njets,reco_Wj1_lep2_dr,reco_Wj2_lep2_dr,reco_jj_lep1_dr,reco_jj_lep2_dr,reco_mjj,reco_ml1jj,reco_ml2jj,reco_mlljj,st,sumlep_eta
xmin     = 999.,999.,0.,0.,999.,999.,0.,2.8,999.,999.,999.,999.,0.,999.,0.,999.,0.,999.,999.,999.,999.,999.,999.,999.,999.,999.,999.,999.,999.,999.,999.,999.,0.,0.,999.,999.,999.,999.,999.,999.,999.,999.,999.,999.,999.,999.,999.,999.,999.,999.,999.,999.,999.,999.,999.,999.,999.,999.,999.,999.,999.,999.,999.,999.,999.,999.,999.,999.,999.,999.,999.,999.,999.,999.,999.,999.,999.,999.,999.,999.,999.,999.,999.,999.,999.,999.,999.,999.,999.,999.,999.,999.,999.,999.,999.,999.,999.,999.,999.,999.,999.,999.,999.,999.,999.,999.,999.,999.,999.,999.
xmax     = 999.,999.,4.,4.,999.,999.,400.,2.8.,999.,999.,999.,400.,999.,400.,999.,400.,999.,999.,999.,999.,999.,999.,999.,999.,999.,999.,999.,999.,999.,999.,999.,999.,1000.,1000.,999.,999.,999.,999.,999.,999.,999.,999.,999.,999.,999.,999.,999.,999.,999.,999.,999.,999.,999.,999.,999.,999.,999.,999.,999.,999.,999.,999.,999.,999.,999.,999.,999.,999.,999.,999.,999.,999.,999.,999.,999.,999.,999.,999.,999.,999.,999.,999.,999.,999.,999.,999.,999.,999.,999.,999.,999.,999.,999.,999.,999.,999.,999.,999.,999.,999.,999.,999.,999.,999.,999.,999.,999.,999.,999.,999.
showdata = false
plotsig  = true
rebin    = 2,2,2,2,1,1,4,2,1,1,1,1,4,1,2,1,2,1,1,1,1,1,1,1,1,1,1,1,1,1,1,1,1,1,1,1,1,1,1,1,1,1,1,1,1,1,1,1,1,1,1,1,1,1,1,1,1,1,1,1,1,1,1,1,1,1,1,1,1,1,1,1,1,1,1,1,1,1,1,1,1,1,1,1,1,1,1,1,1,1,1,1,1,1,1,1,1,1,1,1,1,1,1,1,1,1,1,1,1,1,1,1,1,1,1,1,1,1,1,1,
logy = 	 0,0,0,0,0,0,0,0,0,0,0,0,0,0,0,0,0,0,0,0,0,0,0,0,0,0,0,0,0,0,0,0,0,0,0,0,0,0,0,0,0,0,0,0,0,0,0,0,0,0,0,0,0,0,0,0,0,0,0,0,0,0,0,0,0,0,0,0,0,0,0,0,0,0,0,0,0,0,0,0,0,0,0,0,0,0,0,0,0,0,0,0,0,0,0,0,0,0,0,0,0,0,0,0,0,0,0,0,0,0,0,0,0,0,0,0,0,0,0,0,
savetag  = highmassSR
