Mass mN   | Nprompt   | NFake    | NCF      |  Total Bkg  | Nsignal   || EXO-17-028 Eff  | EXO-17-028 Bkg 
------------------------------------------------------------------------------------------------------------
100       | 69.4817   | 4.7775   | 41.3824  | 74.2592     | 0.0004    || 5e-05           | 1.0
125       | 34.2876   | 2.6179   | 26.5568  | 36.9055     | 0.0018    || 0.0004          | 0.8
200       | 42.3922   | 2.2304   | 16.6567  | 44.6226     | 0.0074    || 0.006           | 1.3
250       | 35.436    | 1.6866   | 15.9705  | 37.1226     | 0.0158    || 0.022           | 0.3
300       | 36.055    | 0.997    | 23.7733  | 37.052      | 0.0142    || 0.035           | 0.4
400       | 34.2622   | 0.6008   | 26.1045  | 34.863      | 0.0457    || 0.091           | 0.5
500       | 27.7722   | 0.4205   | 20.7819  | 28.1927     | 0.0355    || 0.143           | 0.8
600       | 34.3989   | 0.6446   | 21.8847  | 35.0435     | 0.089     || 0.174           | 0.7
700       | 32.7737   | 0.2927   | 21.3824  | 33.0664     | 0.1039    || 0.194           | 0.8
800       | 16.6648   | 0.1542   | 24.2394  | 16.819      | 0.1087    || 0.208           | 0.4
900       | 11.9854   | 0.0877   | 12.3119  | 12.0731     | 0.1042    || 0.192           | 0.2
1000      | 8.26      | 0.0877   | 12.3119  | 8.3477      | 0.1194    || 0.215           | 0.1
1100      | 1.9562    | 0.0877   | 11.9939  | 2.0439      | 0.1102    || 0.203           | 0.1
1200      | 0.1377    | 0.0877   | 9.1729   | 0.2254      | 0.1166    || 0.208           | 0.2
1300      | 1.914     | 0.0877   | 9.1729   | 2.0017      | 0.1215    || 0.205           | 0.3
1400      | 1.8575    | 0.0101   | 3.0256   | 1.8676      | 0.1217    || 0.196           | 0.1
1500      | 1.9377    | 0.0101   | 3.0256   | 1.9478      | 0.1269    || 0.195           | 0.1
