Mass mN   | Nprompt   | NFake    | NCF      |  Total Bkg  | Nsignal   || EXO-17-028 Eff  | EXO-17-028 Bkg 
------------------------------------------------------------------------------------------------------------
100       | 39.5717   | 3.5137   | 18.5903  | 43.0854     | 0.0003    || 5e-05           | 1.0
125       | 18.4823   | 2.1454   | 6.4535   | 20.6277     | 0.0016    || 0.0004          | 0.8
200       | 23.6611   | 1.5081   | 9.6031   | 25.1692     | 0.0066    || 0.006           | 1.3
250       | 18.6263   | 1.0376   | 6.9068   | 19.6639     | 0.014     || 0.022           | 0.3
300       | 17.5196   | 0.4406   | 6.9068   | 17.9602     | 0.0127    || 0.035           | 0.4
400       | 14.6389   | 0.2121   | 6.7747   | 14.851      | 0.0405    || 0.091           | 0.5
500       | 7.4773    | 0.1031   | 6.3878   | 7.5804      | 0.0313    || 0.143           | 0.8
600       | 12.0503   | 0.5521   | 3.457    | 12.6024     | 0.077     || 0.174           | 0.7
700       | 10.4513   | 0.2002   | 3.457    | 10.6515     | 0.0895    || 0.194           | 0.8
800       | 1.4396    | 0.1542   | 3.3743   | 1.5938      | 0.0921    || 0.208           | 0.4
900       | 2.0991    | 0.0877   | 3.3743   | 2.1868      | 0.0869    || 0.192           | 0.2
1000      | 0.3408    | 0.0877   | 3.3743   | 0.4285      | 0.0991    || 0.215           | 0.1
1100      | -1.5653   | 0.0877   | 3.3202   | -1.4776     | 0.0901    || 0.203           | 0.1
1200      | -1.6199   | 0.0877   | 3.2768   | -1.5322     | 0.0938    || 0.208           | 0.2
1300      | 0.1564    | 0.0877   | 3.2768   | 0.2441      | 0.0975    || 0.205           | 0.3
1400      | 0.0999    | 0.0101   | 0.0      | 0.11        | 0.0953    || 0.196           | 0.1
1500      | 0.18      | 0.0101   | 0.0      | 0.1901      | 0.0994    || 0.195           | 0.1
