Mass mN   | Nprompt   | NFake    | NCF      |  Total Bkg  | Nsignal   || EXO-17-028 Eff  | EXO-17-028 Bkg 
------------------------------------------------------------------------------------------------------------
100       | 10.465    | 0.0      | 0.0      | 10.465      | 0.018     || 0.026           | 20.3
125       | 4.6973    | 0.493    | 0.0      | 5.1903      | 0.0302    || 0.051           | 17.7
200       | 4.9087    | 0.3896   | 0.0      | 5.2983      | 0.0615    || 0.081           | 12.4
250       | 3.7593    | 0.0284   | 0.0      | 3.7877      | 0.0601    || 0.11            | 6.0
300       | 3.4606    | 0.0      | 0.0      | 3.4606      | 0.0696    || 0.132           | 8.2
400       | 2.1778    | 0.0      | 0.0      | 2.1778      | 0.054     || 0.117           | 2.5
500       | 1.6828    | 0.0      | 0.0      | 1.6828      | 0.0302    || 0.086           | 1.5
600       | 0.4468    | 0.0      | 0.0      | 0.4468      | 0.0276    || 0.074           | 0.9
700       | 0.2403    | 0.0      | 0.0      | 0.2403      | 0.0205    || 0.067           | 1.7
800       | 0.2403    | 0.0      | 0.0      | 0.2403      | 0.0207    || 0.06            | 1.7
900       | 0.246     | 0.0      | 0.0      | 0.246       | 0.0186    || 0.054           | 1.7
1000      | 0.246     | 0.0      | 0.0      | 0.246       | 0.0169    || 0.046           | 1.7
1100      | 0.3267    | 0.0      | 0.0      | 0.3267      | 0.0185    || 0.041           | 1.7
1200      | 0.246     | 0.0      | 0.0      | 0.246       | 0.0143    || 0.036           | 1.7
1300      | 0.246     | 0.0      | 0.0      | 0.246       | 0.0114    || 0.032           | 1.7
1400      | 0.246     | 0.0      | 0.0      | 0.246       | 0.0123    || 0.027           | 1.7
1500      | 0.3267    | 0.0      | 0.0      | 0.3267      | 0.012     || 0.025           | 1.7
