Mass mN   | Nprompt   | NFake    | NCF      |  Total Bkg  | Nsignal   || EXO-17-028 Eff  | EXO-17-028 Bkg 
------------------------------------------------------------------------------------------------------------
100       | 43.7751   | 5.2594   | 31.3179  | 49.0345     | 0.0004    || 5e-05           | 1.0
125       | 26.6503   | 3.0582   | 12.0648  | 29.7085     | 0.0018    || 0.0004          | 0.8
200       | 28.6169   | 2.3613   | 12.6657  | 30.9782     | 0.0074    || 0.006           | 1.3
250       | 28.1864   | 2.5552   | 10.3549  | 30.7416     | 0.0158    || 0.022           | 0.3
300       | 23.6218   | 2.7236   | 7.6972   | 26.3454     | 0.0142    || 0.035           | 0.4
400       | 27.4172   | 2.7787   | 2.895    | 30.1959     | 0.0457    || 0.091           | 0.5
500       | 28.7551   | 1.2165   | 4.4575   | 29.9716     | 0.0355    || 0.143           | 0.8
600       | 13.3935   | 0.419    | 14.8546  | 13.8125     | 0.089     || 0.174           | 0.7
700       | 9.1533    | 0.419    | 12.812   | 9.5723      | 0.1039    || 0.194           | 0.8
800       | 3.5955    | 0.419    | 10.213   | 4.0145      | 0.1087    || 0.208           | 0.4
900       | 4.7959    | 0.0067   | 2.1614   | 4.8026      | 0.1042    || 0.192           | 0.2
1000      | 3.8994    | 0.0      | 2.086    | 3.8994      | 0.1194    || 0.215           | 0.1
1100      | 3.0751    | 0.0      | 1.2455   | 3.0751      | 0.1102    || 0.203           | 0.1
1200      | 3.0334    | 0.0      | 1.2103   | 3.0334      | 0.1166    || 0.208           | 0.2
1300      | 3.0208    | 0.0      | 2.9033   | 3.0208      | 0.1215    || 0.205           | 0.3
1400      | 1.4619    | 0.0      | 2.9033   | 1.4619      | 0.1217    || 0.196           | 0.1
1500      | 1.4548    | 0.0      | 2.9033   | 1.4548      | 0.1269    || 0.195           | 0.1
